15.0,15.0,357.5555419921875
15.00013392857143,15.00013392857143,356.9164733886719
15.00013392857143,15.00012053571428,356.9153747558594
15.00013392857143,15.00010714285714,356.9142456054688
15.00013392857143,15.00009375,356.9131469726562
15.00013392857143,15.00008035714285,356.9120483398438
15.00013392857143,15.00006696428571,356.9109191894531
15.00013392857143,15.00005357142857,356.9098205566406
15.00013392857143,15.00004017857142,356.9087219238281
15.00013392857143,15.00002678571428,356.9076232910156
15.00013392857143,15.00001339285714,356.906494140625
15.00013392857143,14.99999999999999,356.9053955078125
15.00013392857143,14.99998660714285,356.904296875
15.00013392857143,14.99997321428571,356.9031677246094
15.00013392857143,14.99995982142856,356.9020690917969
15.00013392857143,14.99994642857142,356.9009704589844
15.00013392857143,14.99993303571428,356.8998718261719
15.00013392857143,14.99991964285713,356.8987426757812
15.00013392857143,14.99990624999999,356.8976440429688
15.00013392857143,14.99989285714285,356.8965454101562
15.00013392857143,14.9998794642857,356.8954467773438
15.00012053571428,15.00013392857142,356.973876953125
15.00012053571428,15.00012053571428,356.9735412597656
15.00012053571428,15.00010714285713,356.9731750488281
15.00012053571428,15.00009374999999,356.9728393554688
15.00012053571428,15.00008035714285,356.9725036621094
15.00012053571428,15.0000669642857,356.9721374511719
15.00012053571428,15.00005357142856,356.9718017578125
15.00012053571428,15.00004017857142,356.9714660644531
15.00012053571428,15.00002678571427,356.9710998535156
15.00012053571428,15.00001339285713,356.9707641601562
15.00012053571428,14.99999999999999,356.9703979492188
15.00012053571428,14.99998660714284,356.9700622558594
15.00012053571428,14.9999732142857,356.9697265625
15.00012053571428,14.99995982142856,356.9693603515625
15.00012053571428,14.99994642857141,356.9690246582031
15.00012053571428,14.99993303571427,356.9686889648438
15.00012053571428,14.99991964285713,356.9683227539062
15.00012053571428,14.99990624999998,356.9679870605469
15.00012053571428,14.99989285714284,356.9676513671875
15.00012053571428,14.9998794642857,356.96728515625
15.00010714285714,15.00013392857141,357.0312805175781
15.00010714285714,15.00012053571427,357.0317077636719
15.00010714285714,15.00010714285712,357.0321044921875
15.00010714285714,15.00009374999998,357.0325317382812
15.00010714285714,15.00008035714284,357.0329284667969
15.00010714285714,15.00006696428569,357.0333557128906
15.00010714285714,15.00005357142855,357.0337829589844
15.00010714285714,15.00004017857141,357.0341796875
15.00010714285714,15.00002678571426,357.0346069335938
15.00010714285714,15.00001339285712,357.0350036621094
15.00010714285714,14.99999999999998,357.0354309082031
15.00010714285714,14.99998660714283,357.0358581542969
15.00010714285714,14.99997321428569,357.0362548828125
15.00010714285714,14.99995982142855,357.0366821289062
15.00010714285714,14.9999464285714,357.0370788574219
15.00010714285714,14.99993303571426,357.0375061035156
15.00010714285714,14.99991964285712,357.0379028320312
15.00010714285714,14.99990624999997,357.038330078125
15.00010714285714,14.99989285714283,357.0387573242188
15.00010714285714,14.99987946428569,357.0391540527344
15.00009375,15.0001339285714,357.0886840820312
15.00009375,15.00012053571426,357.0898742675781
15.00009375,15.00010714285711,357.0910339355469
15.00009375,15.00009374999997,357.0922241210938
15.00009375,15.00008035714283,357.0933837890625
15.00009375,15.00006696428568,357.0945739746094
15.00009375,15.00005357142854,357.0957336425781
15.00009375,15.0000401785714,357.096923828125
15.00009375,15.00002678571425,357.0980834960938
15.00009375,15.00001339285711,357.0992736816406
15.00009375,14.99999999999997,357.1004333496094
15.00009375,14.99998660714282,357.1016235351562
15.00009375,14.99997321428568,357.102783203125
15.00009375,14.99995982142854,357.1039733886719
15.00009375,14.99994642857139,357.1051330566406
15.00009375,14.99993303571425,357.1063232421875
15.00009375,14.99991964285711,357.1074829101562
15.00009375,14.99990624999996,357.1086730957031
15.00009375,14.99989285714282,357.10986328125
15.00009375,14.99987946428568,357.1110229492188
15.00008035714285,15.00013392857139,357.1460876464844
15.00008035714285,15.00012053571425,357.1480407714844
15.00008035714285,15.00010714285711,357.1499633789062
15.00008035714285,15.00009374999996,357.1519165039062
15.00008035714285,15.00008035714282,357.1538391113281
15.00008035714285,15.00006696428568,357.1557922363281
15.00008035714285,15.00005357142853,357.15771484375
15.00008035714285,15.00004017857139,357.1596374511719
15.00008035714285,15.00002678571425,357.1615905761719
15.00008035714285,15.0000133928571,357.1635131835938
15.00008035714285,14.99999999999996,357.1654663085938
15.00008035714285,14.99998660714282,357.1673889160156
15.00008035714285,14.99997321428567,357.1693420410156
15.00008035714285,14.99995982142853,357.1712646484375
15.00008035714285,14.99994642857139,357.1732177734375
15.00008035714285,14.99993303571424,357.1751403808594
15.00008035714285,14.9999196428571,357.1770935058594
15.00008035714285,14.99990624999996,357.1790161132812
15.00008035714285,14.99989285714281,357.1809387207031
15.00008035714285,14.99987946428567,357.1828918457031
15.00006696428571,15.00013392857138,357.2034912109375
15.00006696428571,15.00012053571424,357.2062072753906
15.00006696428571,15.0001071428571,357.2088928222656
15.00006696428571,15.00009374999995,357.2116088867188
15.00006696428571,15.00008035714281,357.2142944335938
15.00006696428571,15.00006696428567,357.2169799804688
15.00006696428571,15.00005357142852,357.2196960449219
15.00006696428571,15.00004017857138,357.2223815917969
15.00006696428571,15.00002678571424,357.2250671386719
15.00006696428571,15.00001339285709,357.227783203125
15.00006696428571,14.99999999999995,357.23046875
15.00006696428571,14.99998660714281,357.2331848144531
15.00006696428571,14.99997321428566,357.2358703613281
15.00006696428571,14.99995982142852,357.2385559082031
15.00006696428571,14.99994642857138,357.2412719726562
15.00006696428571,14.99993303571423,357.2439575195312
15.00006696428571,14.99991964285709,357.2466735839844
15.00006696428571,14.99990624999995,357.2493591308594
15.00006696428571,14.9998928571428,357.2520446777344
15.00006696428571,14.99987946428566,357.2547607421875
15.00005357142857,15.00013392857137,357.2609252929688
15.00005357142857,15.00012053571423,357.2643737792969
15.00005357142857,15.00010714285709,357.267822265625
15.00005357142857,15.00009374999994,357.2712707519531
15.00005357142857,15.0000803571428,357.2747497558594
15.00005357142857,15.00006696428566,357.2781982421875
15.00005357142857,15.00005357142851,357.2816467285156
15.00005357142857,15.00004017857137,357.2851257324219
15.00005357142857,15.00002678571423,357.28857421875
15.00005357142857,15.00001339285708,357.2920227050781
15.00005357142857,14.99999999999994,357.2955017089844
15.00005357142857,14.9999866071428,357.2989501953125
15.00005357142857,14.99997321428565,357.3023986816406
15.00005357142857,14.99995982142851,357.3058776855469
15.00005357142857,14.99994642857137,357.309326171875
15.00005357142857,14.99993303571422,357.3127746582031
15.00005357142857,14.99991964285708,357.3162536621094
15.00005357142857,14.99990624999994,357.3197021484375
15.00005357142857,14.99989285714279,357.3231506347656
15.00005357142857,14.99987946428565,357.3266296386719
15.00004017857142,15.00013392857137,357.3183288574219
15.00004017857142,15.00012053571422,357.3225402832031
15.00004017857142,15.00010714285708,357.3267517089844
15.00004017857142,15.00009374999994,357.3309631347656
15.00004017857142,15.00008035714279,357.335205078125
15.00004017857142,15.00006696428565,357.3394165039062
15.00004017857142,15.00005357142851,357.3436279296875
15.00004017857142,15.00004017857136,357.3478393554688
15.00004017857142,15.00002678571422,357.3520812988281
15.00004017857142,15.00001339285708,357.3562927246094
15.00004017857142,14.99999999999993,357.3605041503906
15.00004017857142,14.99998660714279,357.3647155761719
15.00004017857142,14.99997321428565,357.3689575195312
15.00004017857142,14.9999598214285,357.3731689453125
15.00004017857142,14.99994642857136,357.3773803710938
15.00004017857142,14.99993303571422,357.381591796875
15.00004017857142,14.99991964285707,357.3858337402344
15.00004017857142,14.99990624999993,357.3900451660156
15.00004017857142,14.99989285714279,357.3942565917969
15.00004017857142,14.99987946428564,357.3984680175781
15.00002678571428,15.00013392857136,357.375732421875
15.00002678571428,15.00012053571421,357.3807067871094
15.00002678571428,15.00010714285707,357.3856811523438
15.00002678571428,15.00009374999993,357.3906555175781
15.00002678571428,15.00008035714278,357.3956298828125
15.00002678571428,15.00006696428564,357.400634765625
15.00002678571428,15.0000535714285,357.4056091308594
15.00002678571428,15.00004017857135,357.4105834960938
15.00002678571428,15.00002678571421,357.4155578613281
15.00002678571428,15.00001339285707,357.4205322265625
15.00002678571428,14.99999999999992,357.425537109375
15.00002678571428,14.99998660714278,357.4305114746094
15.00002678571428,14.99997321428564,357.4354858398438
15.00002678571428,14.99995982142849,357.4404602050781
15.00002678571428,14.99994642857135,357.4454345703125
15.00002678571428,14.99993303571421,357.4504089355469
15.00002678571428,14.99991964285706,357.4554138183594
15.00002678571428,14.99990624999992,357.4603881835938
15.00002678571428,14.99989285714278,357.4653625488281
15.00002678571428,14.99987946428563,357.4703369140625
15.00001339285714,15.00013392857135,357.4331359863281
15.00001339285714,15.0001205357142,357.4388732910156
15.00001339285714,15.00010714285706,357.4446105957031
15.00001339285714,15.00009374999992,357.4503479003906
15.00001339285714,15.00008035714277,357.4560852050781
15.00001339285714,15.00006696428563,357.4618225097656
15.00001339285714,15.00005357142849,357.4675903320312
15.00001339285714,15.00004017857134,357.4733276367188
15.00001339285714,15.0000267857142,357.4790649414062
15.00001339285714,15.00001339285706,357.4848022460938
15.00001339285714,14.99999999999991,357.4905395507812
15.00001339285714,14.99998660714277,357.4962768554688
15.00001339285714,14.99997321428563,357.5020141601562
15.00001339285714,14.99995982142848,357.5077514648438
15.00001339285714,14.99994642857134,357.5134887695312
15.00001339285714,14.9999330357142,357.5192565917969
15.00001339285714,14.99991964285705,357.5249938964844
15.00001339285714,14.99990624999991,357.5307312011719
15.00001339285714,14.99989285714277,357.5364685058594
15.00001339285714,14.99987946428563,357.5422058105469
14.99999999999999,15.00013392857134,357.4905395507812
14.99999999999999,15.0001205357142,357.4970397949219
14.99999999999999,15.00010714285705,357.5035400390625
14.99999999999999,15.00009374999991,357.5100402832031
14.99999999999999,15.00008035714277,357.5165405273438
14.99999999999999,15.00006696428562,357.5230407714844
14.99999999999999,15.00005357142848,357.529541015625
14.99999999999999,15.00004017857134,357.5360412597656
14.99999999999999,15.00002678571419,357.5425415039062
14.99999999999999,15.00001339285705,357.5490417480469
14.99999999999999,14.99999999999991,357.5555419921875
14.99999999999999,14.99998660714276,357.5620422363281
14.99999999999999,14.99997321428562,357.5685729980469
14.99999999999999,14.99995982142848,357.5750732421875
14.99999999999999,14.99994642857133,357.5815734863281
14.99999999999999,14.99993303571419,357.5880737304688
14.99999999999999,14.99991964285705,357.5945739746094
14.99999999999999,14.9999062499999,357.60107421875
14.99999999999999,14.99989285714276,357.6075744628906
14.99999999999999,14.99987946428562,357.6140747070312
14.99998660714285,15.00013392857133,357.5479431152344
14.99998660714285,15.00012053571419,357.5552062988281
14.99998660714285,15.00010714285704,357.5624694824219
14.99998660714285,15.0000937499999,357.5697326660156
14.99998660714285,15.00008035714276,357.5769958496094
14.99998660714285,15.00006696428561,357.5842590332031
14.99998660714285,15.00005357142847,357.5915222167969
14.99998660714285,15.00004017857133,357.5987854003906
14.99998660714285,15.00002678571418,357.6060485839844
14.99998660714285,15.00001339285704,357.6133117675781
14.99998660714285,14.9999999999999,357.6205749511719
14.99998660714285,14.99998660714275,357.6278381347656
14.99998660714285,14.99997321428561,357.6351013183594
14.99998660714285,14.99995982142847,357.6423645019531
14.99998660714285,14.99994642857132,357.6496276855469
14.99998660714285,14.99993303571418,357.6568908691406
14.99998660714285,14.99991964285704,357.6641540527344
14.99998660714285,14.99990624999989,357.6714172363281
14.99998660714285,14.99989285714275,357.6786804199219
14.99998660714285,14.99987946428561,357.6859436035156
14.99997321428571,15.00013392857132,357.6053466796875
14.99997321428571,15.00012053571418,357.6133728027344
14.99997321428571,15.00010714285703,357.6213989257812
14.99997321428571,15.00009374999989,357.6294250488281
14.99997321428571,15.00008035714275,357.637451171875
14.99997321428571,15.0000669642856,357.6454772949219
14.99997321428571,15.00005357142846,357.6535034179688
14.99997321428571,15.00004017857132,357.6615295410156
14.99997321428571,15.00002678571417,357.6695556640625
14.99997321428571,15.00001339285703,357.6775512695312
14.99997321428571,14.99999999999989,357.6855773925781
14.99997321428571,14.99998660714274,357.693603515625
14.99997321428571,14.9999732142856,357.7016296386719
14.99997321428571,14.99995982142846,357.7096557617188
14.99997321428571,14.99994642857131,357.7176818847656
14.99997321428571,14.99993303571417,357.7257080078125
14.99997321428571,14.99991964285703,357.7337341308594
14.99997321428571,14.99990624999988,357.7417602539062
14.99997321428571,14.99989285714274,357.7497863769531
14.99997321428571,14.9998794642856,357.7578125
14.99995982142856,15.00013392857131,357.6627502441406
14.99995982142856,15.00012053571417,357.6715393066406
14.99995982142856,15.00010714285703,357.6803283691406
14.99995982142856,15.00009374999988,357.6891174316406
14.99995982142856,15.00008035714274,357.6979064941406
14.99995982142856,15.0000669642856,357.7066955566406
14.99995982142856,15.00005357142845,357.7154541015625
14.99995982142856,15.00004017857131,357.7242431640625
14.99995982142856,15.00002678571417,357.7330322265625
14.99995982142856,15.00001339285702,357.7418212890625
14.99995982142856,14.99999999999988,357.7506103515625
14.99995982142856,14.99998660714274,357.7593994140625
14.99995982142856,14.99997321428559,357.7681579589844
14.99995982142856,14.99995982142845,357.7769470214844
14.99995982142856,14.99994642857131,357.7857360839844
14.99995982142856,14.99993303571416,357.7945251464844
14.99995982142856,14.99991964285702,357.8033142089844
14.99995982142856,14.99990624999988,357.8121032714844
14.99995982142856,14.99989285714273,357.8208618164062
14.99995982142856,14.99987946428559,357.8296508789062
14.99994642857142,15.0001339285713,357.7201538085938
14.99994642857142,15.00012053571416,357.7297058105469
14.99994642857142,15.00010714285702,357.7392578125
14.99994642857142,15.00009374999987,357.7488098144531
14.99994642857142,15.00008035714273,357.7583618164062
14.99994642857142,15.00006696428559,357.7678833007812
14.99994642857142,15.00005357142844,357.7774353027344
14.99994642857142,15.0000401785713,357.7869873046875
14.99994642857142,15.00002678571416,357.7965393066406
14.99994642857142,15.00001339285701,357.8060607910156
14.99994642857142,14.99999999999987,357.8156127929688
14.99994642857142,14.99998660714273,357.8251647949219
14.99994642857142,14.99997321428558,357.834716796875
14.99994642857142,14.99995982142844,357.8442687988281
14.99994642857142,14.9999464285713,357.8537902832031
14.99994642857142,14.99993303571415,357.8633422851562
14.99994642857142,14.99991964285701,357.8728942871094
14.99994642857142,14.99990624999987,357.8824462890625
14.99994642857142,14.99989285714272,357.8919677734375
14.99994642857142,14.99987946428558,357.9015197753906
14.99993303571428,15.00013392857129,357.777587890625
14.99993303571428,15.00012053571415,357.7878723144531
14.99993303571428,15.00010714285701,357.7981872558594
14.99993303571428,15.00009374999986,357.8085021972656
14.99993303571428,15.00008035714272,357.8187866210938
14.99993303571428,15.00006696428558,357.8291015625
14.99993303571428,15.00005357142843,357.8394165039062
14.99993303571428,15.00004017857129,357.8497314453125
14.99993303571428,15.00002678571415,357.8600158691406
14.99993303571428,15.000013392857,357.8703308105469
14.99993303571428,14.99999999999986,357.8806457519531
14.99993303571428,14.99998660714272,357.8909301757812
14.99993303571428,14.99997321428557,357.9012451171875
14.99993303571428,14.99995982142843,357.9115600585938
14.99993303571428,14.99994642857129,357.9218444824219
14.99993303571428,14.99993303571414,357.9321594238281
14.99993303571428,14.999919642857,357.9424743652344
14.99993303571428,14.99990624999986,357.9527893066406
14.99993303571428,14.99989285714272,357.9630737304688
14.99993303571428,14.99987946428557,357.973388671875
14.99991964285713,15.00013392857129,357.8349914550781
14.99991964285713,15.00012053571414,357.8460388183594
14.99991964285713,15.000107142857,357.8571166992188
14.99991964285713,15.00009374999986,357.8681945800781
14.99991964285713,15.00008035714271,357.8792419433594
14.99991964285713,15.00006696428557,357.8903198242188
14.99991964285713,15.00005357142843,357.9013977050781
14.99991964285713,15.00004017857128,357.9124450683594
14.99991964285713,15.00002678571414,357.9235229492188
14.99991964285713,15.000013392857,357.9345703125
14.99991964285713,14.99999999999985,357.9456481933594
14.99991964285713,14.99998660714271,357.9567260742188
14.99991964285713,14.99997321428557,357.9677734375
14.99991964285713,14.99995982142842,357.9788513183594
14.99991964285713,14.99994642857128,357.9899291992188
14.99991964285713,14.99993303571414,358.0009765625
14.99991964285713,14.99991964285699,358.0120544433594
14.99991964285713,14.99990624999985,358.0231323242188
14.99991964285713,14.99989285714271,358.0341796875
14.99991964285713,14.99987946428556,358.0452575683594
14.99990624999999,15.00013392857128,357.8923950195312
14.99990624999999,15.00012053571413,357.9042053222656
14.99990624999999,15.00010714285699,357.9160461425781
14.99990624999999,15.00009374999985,357.9278869628906
14.99990624999999,15.0000803571427,357.939697265625
14.99990624999999,15.00006696428556,357.9515380859375
14.99990624999999,15.00005357142842,357.9633483886719
14.99990624999999,15.00004017857127,357.9751892089844
14.99990624999999,15.00002678571413,357.9869995117188
14.99990624999999,15.00001339285699,357.9988403320312
14.99990624999999,14.99999999999984,358.0106811523438
14.99990624999999,14.9999866071427,358.0224914550781
14.99990624999999,14.99997321428556,358.0343322753906
14.99990624999999,14.99995982142841,358.046142578125
14.99990624999999,14.99994642857127,358.0579833984375
14.99990624999999,14.99993303571413,358.0697937011719
14.99990624999999,14.99991964285698,358.0816345214844
14.99990624999999,14.99990624999984,358.0934753417969
14.99990624999999,14.9998928571427,358.1052856445312
14.99990624999999,14.99987946428555,358.1171264648438
14.99989285714285,15.00013392857127,357.9497985839844
14.99989285714285,15.00012053571412,357.9623718261719
14.99989285714285,15.00010714285698,357.9749755859375
14.99989285714285,15.00009374999984,357.987548828125
14.99989285714285,15.00008035714269,358.0001525878906
14.99989285714285,15.00006696428555,358.0127258300781
14.99989285714285,15.00005357142841,358.0253295898438
14.99989285714285,15.00004017857126,358.0379028320312
14.99989285714285,15.00002678571412,358.0505065917969
14.99989285714285,15.00001339285698,358.0630798339844
14.99989285714285,14.99999999999983,358.07568359375
14.99989285714285,14.99998660714269,358.0882568359375
14.99989285714285,14.99997321428555,358.1008605957031
14.99989285714285,14.9999598214284,358.1134338378906
14.99989285714285,14.99994642857126,358.1260375976562
14.99989285714285,14.99993303571412,358.1386108398438
14.99989285714285,14.99991964285697,358.1512145996094
14.99989285714285,14.99990624999983,358.1637878417969
14.99989285714285,14.99989285714269,358.1763916015625
14.99989285714285,14.99987946428555,358.18896484375
14.9998794642857,15.00013392857126,358.0072021484375
14.9998794642857,15.00012053571412,358.0205383300781
14.9998794642857,15.00010714285697,358.0339050292969
14.9998794642857,15.00009374999983,358.0472412109375
14.9998794642857,15.00008035714269,358.0606079101562
14.9998794642857,15.00006696428554,358.0739440917969
14.9998794642857,15.0000535714284,358.0873107910156
14.9998794642857,15.00004017857126,358.1006469726562
14.9998794642857,15.00002678571411,358.114013671875
14.9998794642857,15.00001339285697,358.1273498535156
14.9998794642857,14.99999999999983,358.1406860351562
14.9998794642857,14.99998660714268,358.154052734375
14.9998794642857,14.99997321428554,358.1673889160156
14.9998794642857,14.9999598214284,358.1807556152344
14.9998794642857,14.99994642857125,358.194091796875
14.9998794642857,14.99993303571411,358.2074584960938
14.9998794642857,14.99991964285697,358.2207946777344
14.9998794642857,14.99990624999982,358.234130859375
14.9998794642857,14.99989285714268,358.2474975585938
14.9998794642857,14.99987946428554,358.2608337402344
